01880
01867
01940
01960
01904
01905
01906
01907
01908
01901
01902
01903
01910
01915
01923
01929
01930
01937
01944
01945
01950
01951
01952
01965
01966
01969
01970
01971
01982
01983
01984
02151
02149
02150
02148
02176
02180
02155
02156
02145
02144
02143
02141
02142
02140
02139
02138
02134
02135
02108
02109
02110
02111
02113
02114
02115
02116
02118
02119
02120
02121
02122
02124
02125
02126
02127
02128
02129
02130
02131
02132
02136
02152
02163
02199
02203
02210
02215
02445
02446
02447
02467
02458
02459
02460
02461
02462
02464
02465
02466
02468
02472
02474
02476
02478
02451
02452
02453
02454
02455
02456
02457
02481
02482
02492
02493
02494
02495
